"Id","SalePrice"
1461,127476.239248017
1462,157850.673665006
1463,153434.887198156
1464,170293.329100769
1465,204716.869562109
1466,169234.394124898
1467,161800.100329079
1468,165465.147462187
1469,186109.175854944
1470,119633.426438579
1471,186446.52551704
1472,140091.234068758
1473,129199.766486571
1474,164925.239895019
1475,155697.535708113
1476,276325.497138081
1477,226586.62975831
1478,258578.811028664
1479,236749.24276917
1480,293068.694786417
1481,246287.872407749
1482,209388.654365289
1483,167312.102050886
1484,179113.496980552
1485,181410.358632031
1486,192066.998463752
1487,250670.606620857
1488,228332.261180052
1489,182309.216420728
1490,172077.513208663
1491,190076.356657033
1492,130201.538857359
1493,171345.853142462
1494,243560.210885309
1495,242320.898220755
1496,192233.241638956
1497,190707.472349195
1498,174029.939199279
1499,174029.939199279
1500,157344.220080082
1501,166258.068635862
1502,168878.894677448
1503,221464.275005396
1504,218339.714361981
1505,192261.553142017
1506,180671.815141672
1507,190428.080573651
1508,178788.225339667
1509,169911.913895363
1510,145696.849423435
1511,144951.955342636
1512,154032.934880201
1513,174339.022956151
1514,145667.093989639
1515,172652.666053596
1516,167742.117774047
1517,151317.502590193
1518,156174.114606747
1519,191895.596274751
1520,136122.824756595
1521,138123.770695516
1522,173215.531601896
1523,123953.264549463
1524,133224.874509114
1525,130102.108670758
1526,130795.364200437
1527,121497.11003467
1528,150261.57154747
1529,143580.34749451
1530,167641.320388644
1531,133156.262662139
1532,121792.426917935
1533,148885.6068425
1534,150640.833940084
1535,145470.179011618
1536,136445.645519804
1537,93701.3921378272
1538,195062.239186023
1539,223120.484649733
1540,148074.500529176
1541,162873.122849895
1542,145179.501836205
1543,189544.770581361
1544,108536.342768817
1545,144855.135415333
1546,156480.136639176
1547,141042.470502601
1548,154582.66164032
1549,132799.596164674
1550,148595.798769712
1551,147227.672829503
1552,139629.857300632
1553,149204.429046286
1554,149690.882500026
1555,151034.800560325
1556,132817.702047343
1557,134372.253446185
1558,138501.11632951
1559,126525.405813624
1560,150653.994768983
1561,133127.404889901
1562,127506.9581059
1563,126479.725185429
1564,150580.885155573
1565,145994.30557109
1566,190551.610130151
1567,113294.062916768
1568,179060.827761188
1569,116828.598379125
1570,148617.296504777
1571,129830.526019566
1572,136853.986146303
1573,193214.11192335
1574,147693.549052124
1575,189333.21340319
1576,191386.682065241
1577,182525.067125487
1578,160827.397715524
1579,137529.977447895
1580,191285.271882124
1581,132878.598669762
1582,133024.639189708
1583,241959.271497204
1584,202120.004593711
1585,148133.42842494
1586,93414.2833943783
1587,130786.562873024
1588,138173.352136384
1589,124275.210389235
1590,150532.182205675
1591,111375.236339159
1592,139424.585237838
1593,145767.05472579
1594,137735.412761447
1595,137763.744481528
1596,192477.143757331
1597,162630.126366487
1598,190197.329619654
1599,193003.201118237
1600,200567.677933237
1601,80024.4609526223
1602,144936.533456949
1603,114216.041780347
1604,219980.091311879
1605,230969.718853417
1606,164607.868094168
1607,186806.93480429
1608,196002.75709723
1609,182146.176750835
1610,147994.231783044
1611,146673.819638364
1612,153414.647129982
1613,150628.293624941
1614,129788.507294174
1615,111104.80244308
1616,111104.80244308
1617,116348.835333723
1618,126987.096377297
1619,131676.389954203
1620,169201.207857309
1621,141988.045987456
1622,141852.544196597
1623,224844.085812344
1624,176472.680123048
1625,141113.617001859
1626,169445.920334706
1627,170538.629657843
1628,239712.664843503
1629,190468.067993425
1630,247060.681036888
1631,213257.596119763
1632,222534.620219819
1633,181417.664311559
1634,171291.194989025
1635,165404.581615141
1636,161958.426349654
1637,158399.945631519
1638,201203.616444382
1639,176851.287290567
1640,216682.246802715
1641,177879.799491782
1642,197570.414457816
1643,220050.463989374
1644,217488.674046938
1645,157400.774289964
1646,158275.849247715
1647,179495.865751989
1648,144165.911882782
1649,133483.122000561
1650,118964.58604152
1651,118999.270438448
1652,140172.93371211
1653,140132.077936423
1654,166532.877495254
1655,173593.910318739
1656,165021.422349874
1657,166629.997499713
1658,165069.534609807
1659,155742.929590438
1660,141968.534052138
1661,288126.568331207
1662,281864.278066964
1663,271325.246202034
1664,325941.538019107
1665,260368.074167724
1666,235255.149712058
1667,251001.206931765
1668,260653.280059302
1669,251470.91409496
1670,263262.634093464
1671,201157.671679268
1672,285600.385753538
1673,243597.07198378
1674,228826.272567674
1675,168470.038807074
1676,166690.300466915
1677,187675.754739677
1678,319469.789659466
1679,249064.304039903
1680,254377.393847118
1681,237154.310795682
1682,232568.597052456
1683,189200.042708985
1684,183480.537121086
1685,165838.117496225
1686,182178.040273758
1687,181410.358632031
1688,189852.252833333
1689,188665.164880284
1690,185362.298527503
1691,179770.672768132
1692,231188.168371712
1693,181410.358632031
1694,167093.475285163
1695,183120.551428249
1696,218114.293135282
1697,183120.551428249
1698,253512.001654163
1699,244103.794358211
1700,201795.671781656
1701,229802.985024962
1702,232381.348423519
1703,230953.171189293
1704,232536.920208502
1705,211924.912629387
1706,286965.2644137
1707,190604.208576036
1708,189365.873367725
1709,251499.524542105
1710,212566.429029521
1711,226557.268583538
1712,226880.361894922
1713,207454.653774008
1714,194425.471565694
1715,189615.031740962
1716,182202.957865613
1717,178943.098692073
1718,147239.52481649
1719,194219.118480629
1720,224971.22996412
1721,177677.780452688
1722,130862.893347078
1723,143298.574891668
1724,200011.336555405
1725,200951.930688401
1726,171677.428480217
1727,166855.291151523
1728,185474.403541275
1729,162123.550167903
1730,175734.615366672
1731,136745.977721733
1732,132102.395127646
1733,126221.897909565
1734,132203.552345897
1735,128165.930020928
1736,128128.573864867
1737,241524.771140736
1738,193457.890289586
1739,232589.684143187
1740,179983.417473973
1741,165074.029980632
1742,166258.068635862
1743,182827.580080566
1744,219968.917724583
1745,199251.24777788
1746,237050.667767755
1747,202606.916771343
1748,191197.67313762
1749,149074.464625847
1750,154576.051822196
1751,207510.505828115
1752,126442.860498821
1753,155620.421802474
1754,201311.168845551
1755,165525.723984029
1756,119724.309009435
1757,126148.329554387
1758,140379.787076216
1759,159277.259992515
1760,148026.352835703
1761,147507.535491541
1762,159986.109613922
1763,173197.073661553
1764,129663.354323069
1765,176856.63171134
1766,169410.500975553
1767,173179.679251944
1768,136036.185200797
1769,184038.165314874
1770,145663.69479482
1771,137878.385116166
1772,143170.619789791
1773,123784.735394783
1774,162736.551770645
1775,148336.717743576
1776,141073.804205827
1777,122739.381395492
1778,132088.24884908
1779,138006.631799754
1780,183327.923439567
1781,137575.112125397
1782,99360.9762311797
1783,142303.703566023
1784,114561.616445961
1785,132651.157861772
1786,148855.364983664
1787,186908.445872699
1788,78624.3788885304
1789,129787.840137952
1790,95097.9578561306
1791,198434.434022265
1792,159708.47590097
1793,154952.308588123
1794,150831.833366687
1795,150077.812584956
1796,151472.335945661
1797,154198.059908441
1798,132667.280109509
1799,120342.717932542
1800,137402.275871402
1801,126058.395295535
1802,166696.859663387
1803,173641.854262279
1804,135876.479887327
1805,148075.138805654
1806,154005.457533259
1807,173411.581598686
1808,141574.807473066
1809,131975.032852211
1810,148848.657668186
1811,125423.702133083
1812,132015.767460902
1813,136915.220913905
1814,117132.365720929
1815,82768.9443749677
1816,121912.91621003
1817,131368.489620126
1818,167466.242994441
1819,148711.45524278
1820,105080.061509651
1821,157466.093321551
1822,170026.062829903
1823,93506.111956176
1824,159453.34738077
1825,144883.277123183
1826,132115.869850463
1827,129792.118733222
1828,143792.312449291
1829,158911.63473227
1830,170949.846403035
1831,187704.396304102
1832,146443.700554345
1833,167885.931816871
1834,152890.978317298
1835,174348.321297447
1836,163185.106562424
1837,108064.14136022
1838,152496.567277126
1839,106763.623140463
1840,132876.485368022
1841,137171.153606304
1842,130363.339512895
1843,133396.583405107
1844,155205.569348889
1845,147503.538523687
1846,158470.357710335
1847,159871.983805566
1848,80889.125502059
1849,134572.512993176
1850,133686.199158791
1851,160647.500249894
1852,134147.192949871
1853,133955.216504009
1854,174623.747806757
1855,166718.851539939
1856,197585.412557649
1857,158211.777296721
1858,164927.088861583
1859,155264.724844903
1860,146153.082629694
1861,154656.183293325
1862,236965.886538424
1863,236965.886538424
1864,236965.886538424
1865,258131.004407184
1866,259713.019805063
1867,223431.497619135
1868,226881.427536617
1869,185071.551301986
1870,214057.772905086
1871,224468.073651809
1872,163648.7701522
1873,193238.65345216
1874,132247.910045005
1875,191014.850749409
1876,173965.578773144
1877,190558.887555714
1878,192205.515364263
1879,128535.294798421
1880,134844.389511327
1881,205463.412215384
1882,227666.875887571
1883,191672.001123699
1884,196287.145424215
1885,214682.264585229
1886,226214.967491117
1887,189306.854797334
1888,228737.7559262
1889,161695.450097514
1890,122473.909377135
1891,157974.94580359
1892,113730.74172515
1893,142566.688358627
1894,144381.810432144
1895,148010.897057505
1896,136749.090116249
1897,135741.578719698
1898,148113.827437037
1899,159864.654922536
1900,163404.085115264
1901,148786.101288218
1902,140210.889951403
1903,208103.995213667
1904,134911.883226549
1905,172696.717738746
1906,143023.229980166
1907,182019.160131445
1908,148984.92651559
1909,155394.766867173
1910,155394.766867173
1911,180099.482261498
1912,215972.353022324
1913,158516.892155527
1914,100289.623278529
1915,220245.300997953
1916,88544.1578827637
1917,234557.090633149
1918,143872.049411803
1919,164677.515247199
1920,157442.542417814
1921,271908.295052046
1922,256412.07994191
1923,186135.511474123
1924,190967.536423897
1925,201034.125057487
1926,269699.96138722
1927,131894.056594081
1928,151101.256327668
1929,123836.308011594
1930,151136.062858748
1931,134092.341293284
1932,142336.718549034
1933,150737.315986195
1934,170243.694288316
1935,163993.239756205
1936,170293.329100769
1937,170801.692609507
1938,151702.014396119
1939,220827.620927179
1940,204716.869562109
1941,171009.495412732
1942,171398.137339794
1943,206976.270246535
1944,246674.554916593
1945,265918.17412858
1946,169627.459960954
1947,247686.466967543
1948,169965.102544299
1949,198016.986882581
1950,182608.772511619
1951,208544.156731364
1952,200431.489301143
1953,161926.402586064
1954,202403.83358603
1955,143078.294406178
1956,239144.278237614
1957,169865.545880638
1958,243400.438859506
1959,155213.510471942
1960,116136.120302872
1961,132488.048053884
1962,140172.93371211
1963,140132.077936423
1964,135620.632699735
1965,164925.239895019
1966,173695.148209298
1967,227957.342913183
1968,257163.844160207
1969,268655.842285407
1970,288032.850049191
1971,334122.621402248
1972,273647.69833894
1973,234620.004456372
1974,243001.108951124
1975,318606.993369051
1976,227417.172313468
1977,253309.957500827
1978,256927.342948011
1979,265533.978085793
1980,187903.689184637
1981,262868.563652854
1982,208215.820702495
1983,208215.820702495
1984,188272.104247487
1985,199907.130256278
1986,204358.448777711
1987,183332.809032129
1988,167239.245239921
1989,191553.578498855
1990,197663.696660596
1991,187675.754739677
1992,197483.569212869
1993,181866.525401957
1994,206571.850152108
1995,190157.668200915
1996,228969.411583388
1997,270458.463644673
1998,242532.63945007
1999,202839.461692371
2000,246977.97921962
2001,214126.524403226
2002,204548.187111831
2003,233683.229471938
2004,229379.530847346
2005,213044.191219706
2006,209532.83052788
2007,230961.591601057
2008,182202.957865613
2009,171526.813564557
2010,190172.376891768
2011,147867.406353479
2012,179885.328484392
2013,168201.904040179
2014,171281.894986084
2015,189487.875492528
2016,170918.855637801
2017,191450.117639322
2018,130841.719720869
2019,126221.897909565
2020,127503.473916492
2021,126295.509168681
2022,169317.217082824
2023,153243.424897422
2024,193955.550017475
2025,274769.880704027
2026,183132.552441601
2027,156357.333399451
2028,181463.961106832
2029,167080.35480178
2030,244305.685776776
2031,229965.132688541
2032,235019.486709312
2033,240887.997846584
2034,181078.973100198
2035,193535.39431735
2036,211117.635922084
2037,211709.699613045
2038,292798.998832393
2039,203089.635284251
2040,287340.89424979
2041,219088.489589605
2042,195128.924841604
2043,168974.050800453
2044,178288.348385799
2045,194619.228492261
2046,157047.866329514
2047,146652.134229198
2048,134732.766601449
2049,159695.685676329
2050,188707.952593356
2051,131645.776517795
2052,141554.810511674
2053,135345.994699698
2054,109466.938348964
2055,153329.922760688
2056,141680.559084366
2057,132300.710433503
2058,178446.061877414
2059,137100.71161233
2060,144949.622551784
2061,172866.204390907
2062,134725.744439873
2063,126598.960439042
2064,142519.320050617
2065,135239.451458299
2066,179092.627831681
2067,153087.82417807
2068,161684.596176554
2069,113119.600112007
2070,131823.165007122
2071,105237.865732169
2072,162948.99259591
2073,139362.423920185
2074,183287.928100832
2075,149314.739205762
2076,132212.789695052
2077,139658.383136994
2078,132333.890790168
2079,159844.816929582
2080,145291.164549412
2081,152323.548874814
2082,147250.958559841
2083,151627.266866599
2084,124392.560035861
2085,135431.445909304
2086,153365.900640402
2087,144887.555143581
2088,135040.999982648
2089,117166.776911377
2090,153386.688632341
2091,121280.287331834
2092,137354.908168605
2093,145668.433433443
2094,154825.534148442
2095,163092.341750392
2096,125709.273982833
2097,122179.313595396
2098,155196.153160659
2099,74216.3007318426
2100,114411.183592775
2101,148137.549027585
2102,170899.825509639
2103,126883.581202456
2104,166033.448973967
2105,134364.024608293
2106,98261.9988129895
2107,206052.117349093
2108,130689.242180924
2109,120750.417203023
2110,134898.252229101
2111,182603.835009718
2112,147795.261607916
2113,134513.029198797
2114,148928.462347914
2115,162273.921243885
2116,134062.586727354
2117,156441.152670574
2118,153454.565631445
2119,145252.875826591
2120,130807.070611689
2121,113998.151195863
2122,116787.315323238
2123,123366.285857731
2124,198966.157520955
2125,157773.097830667
2126,170976.298947786
2127,168841.673689512
2128,157617.264906244
2129,141159.821991638
2130,157322.2807852
2131,178119.530101873
2132,142524.066105521
2133,153066.733838286
2134,149259.423754791
2135,125721.091487558
2136,105048.606778711
2137,132689.639748359
2138,140271.262425008
2139,157683.089664354
2140,131283.135135667
2141,155205.569348889
2142,134115.565991782
2143,142922.955412317
2144,140753.455114421
2145,129966.092077388
2146,160147.67120897
2147,159287.091088292
2148,151149.48772302
2149,140336.391592762
2150,192082.466075771
2151,160195.469152253
2152,139722.935469027
2153,146678.598136769
2154,121096.370949281
2155,149606.182685709
2156,193667.280470096
2157,196354.446813335
2158,204577.560931647
2159,203434.686692653
2160,179255.627768831
2161,229241.231904752
2162,280278.59248627
2163,261584.558395877
2164,224341.394448162
2165,175425.401609248
2166,138409.148302829
2167,189343.18666527
2168,173255.34218375
2169,189003.872447534
2170,194972.147080689
2171,144302.297505596
2172,140798.405458646
2173,155712.509842247
2174,206198.20991718
2175,262513.711194619
2176,235261.497882815
2177,207950.042970561
2178,214905.265636628
2179,148176.616993038
2180,191004.832951823
2181,190705.929065066
2182,204112.392432292
2183,187788.440869005
2184,134718.032893033
2185,139286.001961443
2186,158791.17936876
2187,158452.919451004
2188,161409.07609577
2189,197823.972916753
2190,116934.477269923
2191,116934.477269923
2192,105315.86598117
2193,122101.909135881
2194,127887.05108401
2195,115393.738330611
2196,123824.612659344
2197,122826.688682036
2198,177153.977964993
2199,173837.088684612
2200,149892.325398009
2201,155046.277149174
2202,193269.842931916
2203,165383.715348836
2204,152253.569402992
2205,139010.951131397
2206,149296.926720981
2207,214959.213392627
2208,202466.601253392
2209,163395.848667216
2210,148984.92651559
2211,141456.751841754
2212,145643.840961586
2213,127400.742052827
2214,147247.64247463
2215,126938.908461777
2216,152618.976718529
2217,82002.4840563719
2218,122169.632374956
2219,114680.303488072
2220,107529.323726667
2221,220245.300997953
2222,197583.704109369
2223,218477.355101351
2224,203510.561266666
2225,157160.207580553
2226,143633.352388912
2227,191680.240441664
2228,226108.887851712
2229,216302.491581411
2230,147566.681629977
2231,197446.090388865
2232,172128.054738833
2233,164018.764559815
2234,212060.785022015
2235,178053.013273649
2236,223103.945922611
2237,241632.958926469
2238,204394.799837933
2239,130268.793631483
2240,162110.314425915
2241,135903.884716719
2242,139501.381841574
2243,142634.410470201
2244,113679.064726933
2245,113679.064726933
2246,137029.544882674
2247,137720.201508392
2248,125075.038465094
2249,126231.465064316
2250,134026.556481298
2251,148059.434811215
2252,174031.681397987
2253,162988.398601965
2254,172061.427774904
2255,172994.798830531
2256,184958.830528143
2257,184270.997349535
2258,180140.386886669
2259,170719.111581541
2260,158274.854727685
2261,199957.719142133
2262,206359.723551321
2263,247480.328050453
2264,282171.199165869
2265,158750.473243943
2266,243670.397994227
2267,239181.524327699
2268,302795.319068876
2269,164909.179552234
2270,182765.703806985
2271,196672.901476531
2272,197970.857949437
2273,161052.193400349
2274,167030.314378625
2275,162016.519030082
2276,184709.073742525
2277,176497.035660643
2278,151669.979814747
2279,128504.249528306
2280,115118.643944827
2281,167561.870908328
2282,167366.601546787
2283,143928.667293416
2284,149477.376932407
2285,166011.563309218
2286,131100.744948892
2287,263425.418686676
2288,232171.365281895
2289,246917.745915117
2290,286866.066155437
2291,247536.278257136
2292,302868.282451617
2293,289060.646547007
2294,286952.283715891
2295,312478.51513074
2296,232557.995507921
2297,235052.236742337
2298,262871.353873407
2299,261458.891609154
2300,244664.710713723
2301,227030.100912318
2302,205747.282289016
2303,222727.813192558
2304,232278.785876913
2305,166551.276930965
2306,166551.276930965
2307,168604.875444308
2308,216691.198725344
2309,242149.011495404
2310,207452.427190076
2311,189200.042708985
2312,166375.563268082
2313,167215.307368044
2314,181644.022022878
2315,165912.231589545
2316,178885.242560583
2317,167380.810857754
2318,166357.45791328
2319,183587.540740838
2320,183811.38294821
2321,227965.329024124
2322,184128.590897624
2323,177894.316401232
2324,181410.358632031
2325,193634.811773689
2326,182059.864025837
2327,196852.255425608
2328,198028.892788499
2329,172450.828037605
2330,171614.610053154
2331,253387.643499522
2332,292620.047546797
2333,250655.191157526
2334,218221.041280357
2335,227793.220328952
2336,248777.991989672
2337,188088.056638042
2338,226374.728865703
2339,215928.957151441
2340,299774.058642216
2341,193794.846116993
2342,216019.000662463
2343,192919.287397805
2344,208669.679842567
2345,232375.14840805
2346,208107.48048199
2347,186751.309096833
2348,216273.947066356
2349,150833.021949785
2350,229535.705052256
2351,217884.799513957
2352,231835.139530605
2353,197869.774686423
2354,145280.827273676
2355,163444.351954526
2356,142594.268280401
2357,192274.987669408
2358,174614.180986561
2359,150445.34617399
2360,127994.401160855
2361,139217.010297736
2362,211884.072456581
2363,139351.203107734
2364,155829.246071684
2365,209598.309466986
2366,199699.939207818
2367,217107.39430789
2368,187395.202895283
2369,216539.323632335
2370,165964.404071045
2371,167832.963980216
2372,187238.591467347
2373,224620.888452313
2374,232985.804925854
2375,213633.897197177
2376,216464.942853789
2377,244745.407566207
2378,159369.457992109
2379,188802.729890481
2380,156721.023973559
2381,164523.112723576
2382,194575.065059138
2383,195238.649526166
2384,201936.200174411
2385,157015.369681479
2386,148344.232392443
2387,135258.23920724
2388,136637.851680714
2389,139949.895103632
2390,144019.673815307
2391,136095.539980801
2392,127361.673050894
2393,179310.65865868
2394,154942.928725979
2395,178568.924050714
2396,159565.800714991
2397,175328.171162688
2398,133081.495143827
2399,90253.5699121317
2400,88180.7274413968
2401,123834.684923581
2402,136190.158213875
2403,162691.48417325
2404,147219.422130525
2405,162757.221257058
2406,143454.074529803
2407,131433.48210012
2408,139484.675832765
2409,136194.901069666
2410,177187.502976507
2411,128321.908401522
2412,143981.679227177
2413,138273.019707352
2414,136239.379226082
2415,154996.844139553
2416,150438.942499818
2417,147451.663158017
2418,128397.874887401
2419,129398.472618769
2420,128360.451127562
2421,134801.066569405
2422,128210.529656157
2423,121103.56363029
2424,148926.882013405
2425,184394.926585698
2426,127512.175658078
2427,132577.754391833
2428,181614.481109094
2429,127165.746551794
2430,144579.649870409
2431,138746.636255786
2432,132671.279096662
2433,136950.024177949
2434,139273.831387304
2435,143238.158124291
2436,128585.157413596
2437,126258.698174567
2438,129036.780464799
2439,134561.805600426
2440,158772.759792159
2441,130626.302640771
2442,128600.964737028
2443,139228.072788951
2444,136577.647840532
2445,117280.003833063
2446,138605.158107862
2447,209921.023087803
2448,160052.748444363
2449,137583.693206965
2450,167653.593876448
2451,135870.268852
2452,204659.792244846
2453,116759.309770675
2454,128369.521927532
2455,130910.214563644
2456,140595.376236227
2457,134849.228713261
2458,147488.909076317
2459,126197.803054391
2460,162087.190704167
2461,137620.552988381
2462,140486.827963587
2463,142565.633927084
2464,172815.737842664
2465,159149.140280445
2466,143905.819476561
2467,175595.698271132
2468,132975.21460613
2469,134251.35113956
2470,187148.866177355
2471,186845.946213352
2472,179620.149968763
2473,129401.023459796
2474,125344.90539312
2475,204196.051529762
2476,135678.768191248
2477,131381.129716904
2478,152267.238741657
2479,123740.079247332
2480,138322.395895314
2481,132942.28010257
2482,132654.543027463
2483,127775.377376725
2484,135519.693361203
2485,128278.063848902
2486,143014.679217678
2487,171698.335810966
2488,168890.803237825
2489,163990.550340139
2490,137140.683593667
2491,122822.938403691
2492,172716.287261083
2493,147831.835612472
2494,156630.309139888
2495,124584.703718415
2496,194279.962655429
2497,161724.086280631
2498,126111.561457959
2499,115999.096580533
2500,133571.742873263
2501,141865.835938899
2502,143004.535598563
2503,124386.390507669
2504,176094.604223604
2505,198825.255641118
2506,230620.257710647
2507,247413.742343493
2508,230620.257710647
2509,203352.055215953
2510,214616.389725882
2511,184179.237410485
2512,193991.036359301
2513,195635.92832005
2514,221617.390140604
2515,139611.721775761
2516,159576.051948285
2517,132247.910045005
2518,136070.298577304
2519,196768.923457299
2520,192280.556271319
2521,190848.613731247
2522,196092.847268006
2523,133840.377681421
2524,138991.821888492
2525,138438.766759107
2526,139582.737492149
2527,128497.830985507
2528,133264.847596709
2529,132526.675213924
2530,119444.129517649
2531,198228.93566854
2532,198351.086549878
2533,192033.449247902
2534,217358.346362687
2535,237961.986727963
2536,201613.571829391
2537,207749.248076329
2538,184270.037518721
2539,180948.530876835
2540,167566.842830026
2541,184613.302621633
2542,150190.929754246
2543,129224.994898307
2544,126402.62240578
2545,144128.554442719
2546,160003.236842679
2547,155521.64694605
2548,164882.49693595
2549,147040.400641928
2550,388561.803009074
2551,157974.94580359
2552,129814.634949961
2553,116934.477269923
2554,131148.789794456
2555,137627.969630053
2556,109606.250654893
2557,118445.531553065
2558,154358.723863157
2559,143071.530484334
2560,150313.391993302
2561,159153.662845375
2562,154623.514527977
2563,153451.86613433
2564,187715.346149975
2565,144868.665300244
2566,133400.207600338
2567,143443.321110684
2568,172666.614479837
2569,170859.281031647
2570,149602.089240099
2571,143592.064545471
2572,192232.97090996
2573,197291.725004706
2574,251024.941513382
2575,155494.934540568
2576,136733.262121789
2577,154027.194178055
2578,122870.600555327
2579,88857.6126345771
2580,142820.832503995
2581,125706.22110003
2582,130194.118277889
2583,219340.849363971
2584,165190.034285502
2585,159297.078775661
2586,189291.225859705
2587,191155.167356846
2588,159709.553392876
2589,154697.59577366
2590,191736.125075601
2591,191312.318282717
2592,199090.819182363
2593,217069.646429758
2594,181921.814718545
2595,206637.891771745
2596,240006.013894285
2597,172353.991098465
2598,211084.01925835
2599,293635.962472606
2600,147002.802075057
2601,151854.018552458
2602,116348.835333723
2603,113728.278880173
2604,111104.80244308
2605,116484.581785551
2606,138401.441505938
2607,167033.562487876
2608,158928.695379495
2609,146156.208739951
2610,118289.282804378
2611,134237.791078989
2612,144351.670606723
2613,125075.038465094
2614,127982.005671892
2615,163784.170702508
2616,146959.726405292
2617,168532.053476159
2618,167184.989125981
2619,201924.325785492
2620,167132.257700306
2621,169914.305907856
2622,172692.576988987
2623,225149.431345917
2624,220705.203848654
2625,246851.827594843
2626,161176.030363036
2627,201043.522054428
2628,284498.507420409
2629,331574.608566692
2630,273140.014669115
2631,319430.164422981
2632,284145.723719921
2633,247699.501343526
2634,270355.155994296
2635,158009.487640269
2636,194698.290743507
2637,174885.937433918
2638,205916.132899075
2639,176746.529837677
2640,157772.276641378
2641,119372.194006509
2642,170346.681676629
2643,150634.090969591
2644,145070.687191506
2645,141597.848330888
2646,138934.919787676
2647,143886.716853373
2648,156480.128344705
2649,143813.5320004
2650,165914.803755889
2651,164973.324112973
2652,283351.572864837
2653,229156.508846401
2654,210059.339344631
2655,265379.196457349
2656,266710.380657135
2657,257596.483097963
2658,231000.953987319
2659,242892.281105275
2660,247675.800766772
2661,262397.171156987
2662,261841.617535821
2663,235734.317197898
2664,241646.355455773
2665,258155.619581496
2666,245864.457426991
2667,164800.188163049
2668,184639.655674347
2669,167429.610997016
2670,242376.372952245
2671,184639.655674347
2672,187846.179686289
2673,192924.523424686
2674,194311.620262319
2675,178933.570591646
2676,188792.209358529
2677,177317.641666608
2678,217182.078234754
2679,233050.810728895
2680,240928.616812422
2681,286750.701874325
2682,252774.292466279
2683,302897.649574196
2684,247376.064370184
2685,256193.170492434
2686,223286.955844063
2687,231271.848873976
2688,214771.925480506
2689,205466.641072365
2690,287206.825054718
2691,172332.332319159
2692,146726.176011532
2693,189126.884018699
2694,146340.439743598
2695,191574.220975907
2696,188293.600177542
2697,175398.170452833
2698,171831.742750188
2699,169064.754162587
2700,162854.771330318
2701,159599.629388253
2702,137048.641741891
2703,173704.103185452
2704,144848.138940109
2705,130918.025189245
2706,128237.930269613
2707,134654.237731014
2708,132344.341503144
2709,122496.365679111
2710,129412.341359399
2711,220153.002955855
2712,256200.213093508
2713,178924.005717728
2714,173314.312638624
2715,166693.18718188
2716,168878.894677448
2717,182346.415240514
2718,216904.155049228
2719,144680.501417225
2720,184602.554068116
2721,139615.925961691
2722,154412.17343234
2723,152343.347087742
2724,127814.094677033
2725,133323.21613762
2726,136375.670771796
2727,165364.960977422
2728,170660.16903381
2729,145824.169967943
2730,139456.514373701
2731,137277.570193081
2732,132311.596184788
2733,151590.006440651
2734,149464.322786681
2735,138111.882103302
2736,147249.550927943
2737,128736.207394679
2738,156050.817579428
2739,162616.293647023
2740,153461.893444851
2741,142744.156921496
2742,165440.935619285
2743,142873.029062735
2744,150731.340354208
2745,147878.999359436
2746,131280.314949992
2747,172663.107530738
2748,142407.749749082
2749,131326.990198027
2750,133068.029611549
2751,126640.030610863
2752,215203.709077216
2753,149943.385684374
2754,178502.55188933
2755,160483.71915407
2756,95777.7973589495
2757,100287.075569601
2758,103057.684080755
2759,164273.214568091
2760,137042.540876568
2761,151837.598481352
2762,153949.571775301
2763,178836.685785859
2764,189170.864174815
2765,214202.686766737
2766,127855.667297777
2767,111724.564955798
2768,141488.388506268
2769,136428.570985654
2770,172489.962353083
2771,126258.698174567
2772,126376.07711256
2773,156804.771850821
2774,147666.755662579
2775,130852.89541859
2776,161305.689773934
2777,178820.794381155
2778,155031.76437749
2779,140501.166849673
2780,145903.672383581
2781,124111.361433891
2782,113008.125739885
2783,109370.773897909
2784,135704.182790082
2785,147820.145100078
2786,86365.3130239079
2787,149735.269839841
2788,99851.0592877563
2789,199060.692661695
2790,126416.849930837
2791,135822.911869569
2792,100519.887277274
2793,164625.315453175
2794,106399.011989848
2795,135744.498869691
2796,122978.10147555
2797,191152.095897393
2798,130395.164911678
2799,134224.261459788
2800,117415.515592015
2801,144278.222456381
2802,141800.374023679
2803,182940.293054801
2804,156753.997801329
2805,131469.940213836
2806,125893.17380802
2807,168045.970923516
2808,140042.647202059
2809,143663.514207077
2810,133598.443628269
2811,152571.511626647
2812,155449.976366255
2813,166004.162098243
2814,165589.469344819
2815,125181.115046422
2816,201181.141304574
2817,137539.40254728
2818,130183.519642443
2819,181903.827494778
2820,133691.366117675
2821,132785.495112933
2822,187223.827738597
2823,207680.299736913
2824,155177.681588293
2825,152749.796882092
2826,133102.287397129
2827,162059.847135726
2828,191522.888955285
2829,186845.090396384
2830,209818.877895321
2831,181688.903882396
2832,183198.111018561
2833,228137.317681181
2834,195145.597781793
2835,196588.5305366
2836,187923.275005887
2837,167656.265498042
2838,142515.427454672
2839,166204.370483445
2840,189652.266645793
2841,192282.988257314
2842,194184.837292762
2843,154059.973454978
2844,172217.401376441
2845,126627.291442136
2846,193044.241099463
2847,172639.783501837
2848,208644.737253954
2849,196286.487188952
2850,238976.153928984
2851,201283.703189694
2852,208379.679923995
2853,198736.84039549
2854,148133.42842494
2855,188648.436217853
2856,192326.919320765
2857,188297.919231248
2858,186734.906931074
2859,129268.051299855
2860,140745.840038029
2861,137581.145288775
2862,191236.61305252
2863,137982.853352303
2864,208077.382652933
2865,157974.94580359
2866,193038.662799659
2867,112694.218982687
2868,159076.310877088
2869,130833.415776916
2870,137127.371180542
2871,119711.208165052
2872,77850.8697039522
2873,122742.782903257
2874,143716.947829788
2875,153051.946722059
2876,172101.697559448
2877,155139.488665259
2878,176479.996491976
2879,141483.721448535
2880,136235.869401259
2881,158039.50761655
2882,147482.12864497
2883,189586.659004398
2884,195180.755640579
2885,172907.723092989
2886,158823.157287211
2887,129754.829748061
2888,158384.51838016
2889,100114.501128632
2890,103442.272967035
2891,161913.400884579
2892,92471.4765931221
2893,134800.527038584
2894,95364.8124068546
2895,224710.986207244
2896,219980.091311879
2897,175564.524171593
2898,176649.431169021
2899,213953.254588142
2900,161842.837694123
2901,175219.314777548
2902,169723.058950974
2903,241498.965309006
2904,264212.816325135
2905,96855.0331957906
2906,205381.232164535
2907,135682.560289747
2908,126876.091035298
2909,165343.815317078
2910,99672.6337438732
2911,116348.835333723
2912,143129.979002382
2913,116281.021441374
2914,111104.80244308
2915,111104.80244308
2916,116281.021441374
2917,145184.753250634
2918,125588.343732592
2919,208567.481851152
